time,x,y,z,phi,theta,psi,x_velocity,y_velocity,z_velocity,phi_velocity,theta_velocity,psi_velocity,rotor_speed1,rotor_speed2,rotor_speed3,rotor_speed4
0.06,-2.24035603587929e-06,1.6525815154894543e-07,10.00289241540017,0.00017324585535938297,0.0013667891265471965,0.0,-0.00016403265772298487,1.4855709258046745e-05,0.09640981884832901,0.008114010934139344,0.04863022675684995,0.0,433.76257681920464,437.82678671919496,435.3802992470378,436.05846662528234
0.12000000000000001,-5.154868795898551e-05,7.306415283478339e-06,10.011754688513193,0.001266708064576072,0.004145090695676146,0.0,-0.0017716498068320007,0.0003094559059839539,0.19898552684441578,0.0331999536151108,0.04119559885504881,0.0,437.85084326616277,437.2332966180849,436.88284266626715,438.9690912468217
0.18,-0.00027473327930762167,6.715650980705254e-05,10.031344513609204,0.0030193639994990917,0.006916852308642696,0.0,-0.005997038824629672,0.0019212939114617781,0.45393975888049753,0.01972008244766292,0.05467906943642419,0.0,482.71918905135476,483.73648028700376,484.57018281087693,483.5561405021359
0.23999999999999996,-0.0007994555316952342,0.00025296099177239743,10.062687186671567,0.004253405189635906,0.010971966130461475,0.0,-0.011895903130221758,0.0044019109526805995,0.5907509172241554,0.022210077691379383,0.08548115681983805,0.0,446.7509075029726,449.2581495102443,449.23979444318525,449.44159844278613
0.3,-0.0017545808459419028,0.000608034119201147,10.100704643512241,0.005314324372880819,0.016286288849431507,0.0,-0.020463256919125962,0.007555186579035164,0.6764430492882973,0.006594348930815783,0.09412689534721604,0.0,432.64228810907633,433.376228779419,433.115033719605,431.7998307286578
0.36000000000000004,-0.0033479682797511617,0.0011749028439059343,10.144727746027629,0.00552658819631624,0.02183502509263935,0.0,-0.03323169478550378,0.011372508135658509,0.7909100207073501,-0.0034099815648503053,0.08896335829276068,0.0,441.8194308870461,441.4008332432806,442.7910226983,441.9672973430524
0.4200000000000001,-0.005832386574303985,0.00197559523299834,10.196015371536681,0.004796054238937586,0.026892732737421987,0.0,-0.05013395101193895,0.01528042211992428,0.918569920833698,-0.04232548802309072,0.07278437845874804,0.0,446.55551676711525,445.2396809843003,448.30698493686384,445.13410380625885
0.48000000000000015,-0.00950120846018769,0.0029957542401162366,10.257321127664657,0.0024096394393540166,0.031143220040219965,0.0,-0.07266284230403813,0.01843458324415067,1.1247612218643126,-0.03510542520081434,0.06664354906931352,0.0,470.5219844306023,470.04993069807045,470.13678907155963,470.69508344905654
0.5400000000000001,-0.014621368490764992,0.004149906587731335,10.330985457755556,0.00022901073591086174,0.03521563492004809,0.0,-0.09847732770330918,0.019784646933456898,1.330483680195271,-0.03894270788225532,0.07022551096626581,0.0,470.0652935609737,470.34594036343566,471.21670743791947,470.9194913709343
0.6000000000000002,-0.0213899103278215,0.005332390185303764,10.417025166892113,6.280583715834686,0.03964292616765963,0.0,-0.12764169074169598,0.019339061979745553,1.5372311888237509,-0.07370885495236065,0.08009769430180227,0.0,471.28285159907404,472.0490754871344,472.5614433573247,469.87261540851824
0.6600000000000003,-0.03014008413657612,0.006400976308945549,10.518514675578798,6.275668461976585,0.044061387066696156,0.0,-0.16463196879654415,0.015675430639654587,1.845276968066009,-0.1083023914545625,0.05582787727091472,0.0,501.8027143947332,500.0413925636707,502.36352890713204,499.84389171874847
0.7200000000000003,-0.041016376750069375,0.0071467579343086835,10.633892579872908,6.2690128319927645,0.047524468992754976,0.0,-0.19827559432780248,0.008462602986756548,2.0003677565110003,-0.1167690193187313,0.061251679195946075,0.0,458.3548012348442,458.7877984795446,456.90180725782767,456.2157526668827
0.7800000000000004,-0.0540324431926666,0.007296221466233036,10.75945111753895,6.2624465758765275,0.051184771149301866,0.0,-0.23599768269150367,-0.004248151397787961,2.1845459943461414,-0.09778826197998748,0.06050735535302838,0.0,466.719537069995,466.6639027798465,466.4618706548564,467.9315257557457
0.8400000000000004,-0.06928270704053892,0.006582976011589373,10.893857912112068,6.256458033167688,0.054680474480345964,0.0,-0.2727037973054536,-0.020135176593713115,2.2954259389216336,-0.10418857108664117,0.05334499221972109,0.0,445.8310645178771,445.2478421854409,445.38350910970155,444.8511577572055
0.9000000000000005,-0.08713417032879164,0.004625512462832006,11.040816291306507,6.250665255326439,0.05761509177676416,0.0,-0.3227197755385993,-0.045888871039424795,2.602486149609966,-0.08450163872976821,0.0381100155241233,0.0,503.9053885929295,502.80406072036595,503.0404802327589,504.4570377402649
0.9600000000000005,-0.10820486354936411,0.0008899287925115588,11.208652258318292,6.245564137739223,0.06008321967977359,0.0,-0.37992866288606186,-0.07933368894495146,2.991056832713519,-0.08607248224344634,0.04658618545050503,0.0,526.4184780752003,527.0052569348935,527.3382534395998,527.2250449617167
1.0200000000000005,-0.13223568029792424,-0.004654203458773715,11.390770361213836,6.240125030095339,0.06288985407211278,0.0,-0.42136694681719383,-0.10598983285827394,3.0792641409417594,-0.10188695206852535,0.04715651484202586,0.0,442.0527189562874,442.1010316644614,443.3328480653769,442.02443710163726
1.0800000000000005,-0.15883561687574688,-0.011928352389562986,11.578556728613714,6.234140129339906,0.06630589663358055,0.0,-0.4656059807508283,-0.13708517086136884,3.1799444973615625,-0.09578469110983914,0.07153145720879889,0.0,446.4433033873946,448.42983490737765,446.1496906191984,446.6391076895924
1.1400000000000006,-0.18809410134768229,-0.021136773625298644,11.771304815055856,6.228537377584221,0.07023145762833494,0.0,-0.5100684602749149,-0.17039958687797138,3.2447381853979738,-0.08895974932644186,0.048986828862023137,0.0,438.4430430914524,436.5690333231738,434.7617846409733,435.32565332791927
1.2000000000000006,-0.2202316592894613,-0.03256074832260496,11.969877147658671,6.222851117609576,0.0734166626717423,0.0,-0.5614863134887679,-0.2109581644771878,3.373890473985589,-0.11011083871186982,0.06023031372858129,0.0,455.87964134356395,456.77892700242023,458.5130822081225,456.8219776206619
1.2600000000000007,-0.25507426488364265,-0.04616978384340785,12.170105650060309,6.217105705081533,0.07653407774729182,0.0,-0.6002180160308533,-0.24315174437761614,3.300541444778804,-0.07648774388347787,0.025181312764275994,0.0,391.66584484641294,388.39415836875605,390.5226343633812,393.636696496365
1.3200000000000007,-0.2928022144502927,-0.06224417053088518,12.372643798085234,6.2128195765207455,0.07819587504232928,0.0,-0.6575242904849932,-0.29311266787366524,3.450217450432378,-0.06287916769977689,0.03230378120522807,0.0,462.7451968411615,463.3057029627212,464.2600998743881,465.32290392686735
1.3800000000000008,-0.33374248110637417,-0.08116847636210145,12.580786027080926,6.20889428286233,0.07982306051971122,0.0,-0.7073149933376247,-0.3380437213287269,3.4876785560784143,-0.07106158540064247,0.013944637828994648,0.0,430.48041959189146,428.9241905684797,430.147614428428,429.4507449038873
1.4400000000000008,-0.377922754535642,-0.10307404740352952,12.793959376750577,6.204406713556539,0.08061487483299334,0.0,-0.765420590524198,-0.39257387641810937,3.6176228828811756,-0.08355021886549693,0.011657897143562941,0.0,460.0424358849819,459.8612019747648,459.24505802155494,458.24909666928744
1.5000000000000009,-0.4257049136404784,-0.12844651421524236,13.016116318393479,6.199604476750125,0.08150117843104088,0.0,-0.8273692042351249,-0.45367880839010843,3.7869719837115565,-0.07380657706279826,0.020367110473304126,0.0,471.73943821745405,472.41138066639536,472.01013025111973,472.7567421402873
1.560000000000001,-0.4769718144142125,-0.15732853755552592,13.245307827122984,6.195509190576786,0.08248591682311801,0.0,-0.8816244748620874,-0.5094458848675743,3.8524449230519844,-0.05898657504423236,0.007018187853147088,0.0,441.8884379454824,440.7865006790288,441.22205041354505,442.4403333839977
1.620000000000001,-0.5316144083830004,-0.18974251244533,13.47963955124513,6.191882314563525,0.08330425836080924,0.0,-0.9398390049909893,-0.5713546651307632,3.958170723879312,-0.06354225193243818,0.024371111816124016,0.0,454.09137345756056,455.48127431717035,455.09706420531705,454.7297413950708
1.680000000000001,-0.5896826176393736,-0.22584868199530703,13.719228651473228,6.187748785304425,0.08523524865591892,0.0,-0.9959234571211778,-0.6325439158988994,4.027792569540254,-0.08261739582018207,0.04444636815051937,0.0,443.69586660742857,445.3414594660546,445.2540109360516,443.686824052039
1.740000000000001,-0.6510121185436929,-0.26554668748117394,13.961269144395677,6.182763950452337,0.0876815760063403,0.0,-1.0486256098769469,-0.6911582455116541,4.040068214370757,-0.08402280161258605,0.03216990381992478,0.0,426.8747194312955,425.8266653964468,427.12716728178543,427.00134954049713
1.8000000000000012,-0.7156117810372351,-0.30892502763424057,14.204749735738442,6.1775936726285465,0.089097616894243,0.0,-1.1048592515461888,-0.7552427519179388,4.075706929649267,-0.09085408849039946,-0.005129211368164429,0.0,436.9064057689566,433.78527241140574,434.3420816050109,433.76238521404264
1.8600000000000012,-0.7833824839573957,-0.35597924636838424,14.447850282999626,6.1721457909887825,0.08943130730819515,0.0,-1.1541969919158788,-0.8136865891531699,4.027722559944587,-0.09068622053276021,0.02117691532500861,0.0,406.1404460815356,408.49326674337135,407.06680248032643,407.07408374274553
1.9200000000000013,-0.8541968636824167,-0.40671715173429096,14.688842424364461,6.166958458282831,0.0907562747341295,0.0,-1.206409502907018,-0.8780300711381357,4.005312413639121,-0.07911521420357577,0.023835451531334324,0.0,415.34348306707795,415.5766581465924,415.67222225743683,416.67830396270017
1.9800000000000013,-0.9282695123184896,-0.46153019415160806,14.9295582689437,6.16205643373606,0.09204099237783225,0.0,-1.2628074857495628,-0.9494949497458577,4.018377031220595,-0.08744553217113736,0.016061924275365742,0.0,428.87441438831826,428.21361216658727,427.38974505644677,426.6733396841755
2.0400000000000014,-1.0061583262049991,-0.5212588290854876,15.175413722309026,6.156460595524363,0.09284138806657438,0.0,-1.33354255293164,-1.0419820692937016,4.176066017329341,-0.10863026738932112,0.0072487887008974745,0.0,473.2783173519541,472.5993361896638,474.98876650391566,473.3541932769481
2.1000000000000014,-1.0883584977205993,-0.5867331649368861,15.431214637915444,6.149413278460784,0.09349865088309972,0.0,-1.4064757088485464,-1.141158549523314,4.349774742050169,-0.14798803926569098,0.017491340281012405,0.0,479.6639936079952,480.44114396827007,481.10023378581127,478.0983389083534
2.1600000000000015,-1.1751544486456211,-0.658616211258896,15.699504049431491,6.1401306682957575,0.09440654632367096,0.0,-1.4867624628237017,-1.2559119252593496,4.591957087872478,-0.17359786442744904,0.009936636717007043,0.0,501.6531735231157,501.10412592577416,502.29678569294816,500.415716525519
2.2200000000000015,-1.2667219706777564,-0.737516279585235,15.981546379992643,6.129608399685896,0.09525786578119444,0.0,-1.5654989109239832,-1.3751914845474635,4.8082168126739395,-0.17917110444396037,0.021565594262700404,0.0,496.79202129003096,497.64393163807046,495.89597224320056,495.46020469309434
2.2800000000000016,-1.3627776340821791,-0.8234023526214188,16.273794730914748,6.118475101001893,0.09688012788834133,0.0,-1.636468982340731,-1.4887257452985865,4.932505635694026,-0.20304898900711874,0.0361966693118676,0.0,471.5072880453036,472.6365396333673,472.66220264448395,470.78626747119966
2.3400000000000016,-1.4628468059076973,-0.9158564918741255,16.570553930501827,6.1059866804097584,0.09887238246749863,0.0,-1.6993573837685767,-1.5941596381104117,4.958979475775228,-0.2209817421095195,0.02642497806343598,0.0,443.16945013071364,442.365829732594,444.6088319516746,443.09376527703205
2.4000000000000017,-1.5667796537694223,-1.0149628119790195,16.869356468709153,6.092530630789863,0.10028381427451638,0.0,-1.7652010708193064,-1.710570846785064,5.000493832861596,-0.2318006275811602,0.016978753026852703,0.0,449.47188968223816,448.7056101820637,449.82272592684535,448.8961236249595
2.4600000000000017,-1.6745602191801068,-1.121057686310964,17.16929881387031,6.0786518942447465,0.10158912085004967,0.0,-1.8275968719293387,-1.827104843900295,4.997156789759022,-0.23035489064820666,0.0299128871599078,0.0,436.16273874588245,437.241824123698,435.3484240776358,435.41493969856646
2.520000000000002,-1.786205030365513,-1.2345698901725157,17.46984431075798,6.064592219441646,0.1029829779289102,0.0,-1.8940420875773114,-1.9578400012744577,5.020412390618733,-0.24375170760954928,0.0044773297049268464,0.0,446.8096639405798,444.7308629984541,446.21861854454005,445.06857638481506
2.580000000000002,-1.9024390593167677,-1.3574116449740243,17.777159322163367,6.050165904144194,0.10316537387832891,0.0,-1.9803556831060722,-2.1383233459177995,5.221807289767837,-0.2345331107867235,-2.315061711798778e-06,0.0,501.49282990421625,501.16723358109004,501.07136387690633,501.6905519740295
2.640000000000002,-2.0233081721052635,-1.4901775981914682,18.091277552022245,6.0359476636336655,0.10306215029769561,0.0,-2.048602532083248,-2.2884213455514586,5.248086107569548,-0.2423436509069051,-0.005399587787890819,0.0,451.8441172708815,451.40874607693854,451.4486478141732,450.7626382141928
2.700000000000002,-2.148413069512751,-1.632545178302408,18.408189367621222,6.021161924653626,0.10260520231412329,0.0,-2.1214914400704945,-2.4584474136515153,5.3146362503513735,-0.2561742773894876,-0.01246426968250594,0.0,465.7143616220818,465.1614707359481,466.5687884066602,465.429464505968
2.760000000000002,-2.2777514173931017,-1.7850646902228895,18.727731953709085,6.0056458188655935,0.10190277749395715,0.0,-2.1897119339862283,-2.6268392612257445,5.3359603672279325,-0.26394897605752765,-0.010234160328107618,0.0,452.97216061315436,453.15162617707483,454.35247129908464,453.6627461780659
2.820000000000002,-2.4113666788185126,-1.9484896782995422,19.050247510619474,5.989912616212367,0.10106559657702263,0.0,-2.2640152295104894,-2.8220234083660394,5.4133232308639405,-0.2589757267970587,-0.0226816403361799,0.0,473.0899606983443,472.1304937501738,473.44567712381945,473.76362455843025
2.880000000000002,-2.549477059373297,-2.1240852926273464,19.377768006565635,5.974273939601769,0.09994039113464037,0.0,-2.3394848089197993,-3.0324941181950917,5.502652219858443,-0.26420225385009044,-0.011871354855112714,0.0,478.56955294773627,479.3919079102943,480.0679226957129,479.6081555516037
2.940000000000002,-2.6917250081047124,-2.311478365621406,19.706954621185506,5.95810114067482,0.09941510683893373,0.0,-2.402075300485324,-3.2152112006501627,5.469527025087685,-0.2832199693122927,-0.003154605297331778,0.0,442.41620161955757,443.13360445027416,444.16200566001436,442.52493560399273
3.000000000000002,-2.838040512225807,-2.511120704926863,20.037014046281538,5.940546592569497,0.09880162624294186,0.0,-2.4750261720951614,-3.440929880580304,5.5310118925229705,-0.3276955313648967,-0.030676933697157294,0.0,476.54731389879964,474.4385065013218,477.1303195511113,473.6373888695087
3.0600000000000023,-2.987992272450606,-2.7221553396780247,20.363673806939705,5.921023897473516,0.09718535524776506,0.0,-2.523348419176437,-3.594964672609117,5.357624760174947,-0.3211167290381708,-0.020349543917399366,0.0,397.62416971090175,398.5691469688352,397.96119735207384,398.441162212971
3.1200000000000023,-3.141326843857416,-2.9444961519662525,20.684571752420844,5.9018593301363005,0.09542483055568063,0.0,-2.5876790404025005,-3.817876497746656,5.3378283664499975,-0.3162049813410957,-0.061287302090651044,0.0,454.39131967462225,451.09621044567785,452.9015129669844,453.1942364299702
3.1800000000000024,-3.2983995662174332,-3.180186325909651,21.003256378497007,5.883759240843865,0.09185309328445523,0.0,-2.647796111807521,-4.039861882242665,5.284055768533822,-0.28225757167851945,-0.05622711513357829,0.0,443.5202408940058,443.9332424731381,442.83272916700906,445.5225101014257
3.2400000000000024,-3.458686389892176,-3.4280222750473084,21.315131363760525,5.866436952852581,0.08840567513554909,0.0,-2.694961859719972,-4.22261162911317,5.1116160081895385,-0.30642690887068286,-0.06003652860991626,0.0,403.4111051810929,403.06423062563863,404.3510201130538,402.0717717628638
3.3000000000000025,-3.6220072327367325,-3.688166597907211,21.619037387725648,5.848647267512515,0.08496629266107725,0.0,-2.74882642222938,-4.450193734190037,5.017759024645254,-0.2817481143404023,-0.0523859698313883,0.0,433.4291638855052,434.0694617492495,430.93339109863314,432.9218506665618
3.3600000000000025,-3.788620472342095,-3.9627601469337086,21.918284278915014,5.831923176606157,0.08211808562779055,0.0,-2.8047097786371182,-4.704142480132669,4.956034943105204,-0.2733145059129256,-0.03911010265758556,0.0,447.01977321450306,448.09916496616177,444.5670540718119,445.1790920675829
3.4200000000000026,-3.9584763808169496,-4.252476516327245,22.21287303360559,5.815976242522391,0.07971421092359066,0.0,-2.8569878640528987,-4.954226934361358,4.862631195050713,-0.2538912139480718,-0.042044781203292275,0.0,437.8358288628569,437.59068942519764,436.8004902197371,438.3447864171192
3.4800000000000026,-4.131748077124556,-4.559212210135071,22.505179581401297,5.800812393655242,0.0766693378354315,0.0,-2.918435780465143,-5.2712860856087165,4.879130482272437,-0.25051014238147157,-0.08040960744853463,0.0,479.525295576482,476.5994611258661,477.6074374606058,477.8060690423924
3.5400000000000027,-4.308119868216547,-4.88203059257188,22.79215970363996,5.785818951023275,0.07211704591029466,0.0,-2.960402327951975,-5.490486136781738,4.686530215142421,-0.24868229916759232,-0.06806928315282124,0.0,406.43303729986013,407.5327005167589,406.566150793912,406.66096700484127
3.6000000000000028,-4.487416381152447,-5.221243460974015,23.073016433502996,5.77031942813098,0.06835320756643437,0.0,-3.015756277390795,-5.817549357284997,4.67359665669819,-0.29696761902780305,-0.05376331092648308,0.0,472.10638346922804,473.206524554683,476.00488318119443,472.2281445656882
3.660000000000003,-4.6700349823183585,-5.580825417454156,23.35368149763828,5.752816203539872,0.0651559894757705,0.0,-3.0711709046690534,-6.1695538960109975,4.679675990126152,-0.28289893677128813,-0.052351252789801066,0.0,484.6653336767001,484.7698705184564,483.06471811344863,484.04554400070543
3.720000000000003,-4.855891170142064,-5.961600755551013,23.63404204235176,5.735745730499934,0.06262870163660139,0.0,-3.123730712203348,-6.523894893118089,4.66348673974496,-0.2879283881824874,-0.02701584989039159,0.0,480.740095184727,482.6555305614647,481.91445712584516,481.4587563016763
3.780000000000003,-5.0446521079323015,-6.362173310127066,23.91029533435219,5.718647704395972,0.06051637084398109,0.0,-3.1681623743798775,-6.829543153484095,4.543424260163947,-0.2796317129116105,-0.061473573013610526,0.0,451.6318041265219,448.8423316582386,449.66905863257386,450.2595366979342
3.840000000000003,-5.23606801957076,-6.781539216021083,24.179428064380293,5.701917287535672,0.056698796996689005,0.0,-3.2120732222492387,-7.150286087351616,4.426034075160973,-0.277306195643748,-0.06831999730693555,0.0,454.7797221060709,454.2279721318113,455.2513974428488,455.36082072433504
3.900000000000003,-5.430221446527529,-7.22195613101743,24.443623709487504,5.6852202683784725,0.053060611518545464,0.0,-3.2593193063136026,-7.531031620956232,4.3781163269598595,-0.28030892876779484,-0.048536713342180814,0.0,484.06246736592885,485.5469371666477,483.34375215750043,483.0457303103208
3.960000000000003,-5.626957957998269,-7.683423352960315,24.70162537232107,5.668025912202676,0.049798188051997094,0.0,-3.298347009292232,-7.852131998098,4.220311321824873,-0.30357086253559856,-0.06981514070652314,0.0,450.5681977864729,448.84195257086793,450.55904204169667,448.59037281488526
4.020000000000002,-5.826057755185804,-8.165185430415425,24.951000108753785,5.649577629692459,0.04631275571766125,0.0,-3.338004051314261,-8.207449438371958,4.0900595991167625,-0.31668166023497085,-0.041385216887804235,0.0,463.1418776991714,465.37082359800536,465.18390307107774,464.063418991513
4.080000000000001,-6.0275071130949405,-8.668744156549423,25.192539338699923,5.630655973286272,0.043467979094208964,0.0,-3.376743806572028,-8.578594972067773,3.9588687703099734,-0.3128488665423655,-0.06356170486688859,0.0,470.80774710965414,469.08686309084834,469.26350769111144,469.4651780046925
4.14,-6.230942072765691,-9.190653185643807,25.42043993012938,5.6119302959046955,0.03937713880688953,0.0,-3.4042983440306216,-8.819599777988758,3.6371023807169593,-0.3106311150686671,-0.07954071836759116,0.0,397.6872120845418,396.21600726957854,398.72034985872193,398.8112986938055
4.199999999999998,-6.436229247482584,-9.730952157454226,25.633487264697347,5.593730919145493,0.034476041089214426,0.0,-3.438246929884105,-9.191068896459223,3.4622044099973706,-0.29171993807903357,-0.0863578444007213,0.0,461.9667730253003,461.42357903643824,461.4104266956573,462.8111073224088
4.259999999999997,-6.643448477652817,-10.293088871724782,25.834875501940225,5.576751653894384,0.02889627997217037,0.0,-3.4687111301183826,-9.547536327165195,3.24872742289813,-0.26962691281457435,-0.11154735543322067,0.0,453.5431099202651,451.5071887228648,451.6560809655826,453.3547924134891
4.319999999999996,-6.852428209813002,-10.876973560668894,26.023305565653406,5.560554726072908,0.021695554566820263,0.0,-3.496833678031784,-9.915932780347221,3.0302162010685803,-0.2705989389602352,-0.1479754739405543,0.0,457.2490140662929,454.3229938030822,456.1982619987391,456.0490792815301
4.379999999999995,-7.063044816971933,-11.48471026609931,26.200029562520868,5.544167158767454,0.012786396889085339,0.0,-3.5230412626710415,-10.34232208148648,2.8578857599936893,-0.27871701359393974,-0.1495256960378842,0.0,479.94996652033257,479.8133425810807,480.9927820640468,480.30799448783
4.439999999999993,-7.2750940830637765,-12.117813294674024,26.365547449388387,5.5271108530545785,0.00436536113610142,0.0,-3.5446590235521946,-10.761470316424324,2.656680470385844,-0.29866457580564904,-0.12645415375574515,0.0,475.18873100941767,476.9374478200036,476.9713888042938,475.3681535156361
4.499999999999992,-7.488309048208681,-12.772254976490673,26.514349213441864,5.509129429084059,6.280087454174744,0.0,-3.5622167843733936,-11.054233065341514,2.301959301913923,-0.3018195559454712,-0.1205471907684413,0.0,416.7234093811143,417.22448956762423,417.6861793093026,417.31295164363246
4.559999999999991,-7.70249704389723,-13.44820534932463,26.645379658480163,5.490790158371912,6.273388681454929,0.0,-3.5769512709563656,-11.47765717163482,2.0627688396755444,-0.3146801144535991,-0.09806862727124538,0.0,472.78686423562147,474.5057707508215,473.50350089738646,472.42323060862464
4.6199999999999894,-7.917487846977197,-14.149715044179649,26.761566490555815,5.471842501222252,6.267080668709859,0.0,-3.5890595266856247,-11.906077716819652,1.8069871983207018,-0.3181146978034775,-0.1255337703114371,0.0,475.6721707521705,473.5540064346749,475.4687014503249,475.1104984641144
4.679999999999988,-8.133168773638713,-14.875279444794865,26.86020066917197,5.4522653431151795,6.259459062409231,0.0,-3.5999594412840166,-12.279759006006424,1.4782370734782146,-0.3523052588464772,-0.13019023558741394,0.0,451.82701018192813,451.4368242471997,453.60882100803093,450.7438351446333
4.739999999999987,-8.349489048049337,-15.621730372665338,26.937123818856634,5.432101746518647,6.251575808419993,0.0,-3.6104520829954114,-12.602504209953777,1.0836885944961923,-0.3151479008921225,-0.13389386332719186,0.0,428.9866581783783,428.6553488626004,427.71249991808895,430.74412271473386
4.799999999999986,-8.566316187846333,-16.38925815352396,26.991324912554834,5.413316911851005,6.244247926155705,0.0,-3.61682198660983,-12.98195480834119,0.720266416261443,-0.3092467596974408,-0.10539425711492519,0.0,450.8459577500018,453.1300506408809,450.87153545032805,451.2496977957652
4.859999999999984,-8.783374336896955,-17.18146511554058,27.024732205972363,5.394550870913783,6.23789776331304,0.0,-3.6181957121948916,-13.424604421004354,0.38980796692672603,-0.3209238028487375,-0.10673382605186965,0.0,476.5070543886575,476.3956199962659,476.5716578587742,475.58475712955595
4.919999999999983,-9.000654503516328,-17.997002733751433,27.035053406512432,5.374925766851966,6.232336249394251,0.0,-3.6243443482677606,-13.760237057376171,-0.04832506759925312,-0.3436797882506914,-0.07371190605877385,0.0,433.3702717929378,436.13042822949564,435.58440895751613,433.56259726099046
4.979999999999982,-9.218376724557848,-18.831286641225827,27.017446270539953,5.354127873109231,6.227714242359163,0.0,-3.633018435586006,-14.049590360191665,-0.5408921602965222,-0.3532846091706913,-0.08467342801127246,0.0,416.49474234981847,415.5291908261727,414.0216614311694,413.0414376005698
5.0399999999999805,-9.436413729121522,-19.685798262881143,26.971882307589727,5.332802636293536,6.222693637453334,0.0,-3.6348214594103934,-14.433683542336306,-0.9813275889680778,-0.3600614066128721,-0.08175560920029513,0.0,451.9770957772232,452.20672884731533,453.1771177304209,452.5039997388305
